Delta,Time,CORE0_ENERGY (J),CORE0_FREQ (MHZ),CORE0_PSTATE,CORE0_VOLT (V),CORE1_ENERGY (J),CORE1_FREQ (MHZ),CORE1_PSTATE,CORE1_VOLT (V),CORE2_ENERGY (J),CORE2_FREQ (MHZ),CORE2_PSTATE,CORE2_VOLT (V),CORE3_ENERGY (J),CORE3_FREQ (MHZ),CORE3_PSTATE,CORE3_VOLT (V),CORE4_ENERGY (J),CORE4_FREQ (MHZ),CORE4_PSTATE,CORE4_VOLT (V),CORE5_ENERGY (J),CORE5_FREQ (MHZ),CORE5_PSTATE,CORE5_VOLT (V),CORE6_ENERGY (J),CORE6_FREQ (MHZ),CORE6_PSTATE,CORE6_VOLT (V),CORE7_ENERGY (J),CORE7_FREQ (MHZ),CORE7_PSTATE,CORE7_VOLT (V),CPU_ENERGY (J),CPU_FREQUENCY_0,CPU_FREQUENCY_1,CPU_FREQUENCY_10,CPU_FREQUENCY_11,CPU_FREQUENCY_12,CPU_FREQUENCY_13,CPU_FREQUENCY_14,CPU_FREQUENCY_15,CPU_FREQUENCY_2,CPU_FREQUENCY_3,CPU_FREQUENCY_4,CPU_FREQUENCY_5,CPU_FREQUENCY_6,CPU_FREQUENCY_7,CPU_FREQUENCY_8,CPU_FREQUENCY_9,CPU_USAGE_0,CPU_USAGE_1,CPU_USAGE_10,CPU_USAGE_11,CPU_USAGE_12,CPU_USAGE_13,CPU_USAGE_14,CPU_USAGE_15,CPU_USAGE_2,CPU_USAGE_3,CPU_USAGE_4,CPU_USAGE_5,CPU_USAGE_6,CPU_USAGE_7,CPU_USAGE_8,CPU_USAGE_9,TOTAL_MEMORY,TOTAL_SWAP,USED_MEMORY,USED_SWAP
0,1744817810712,34736.93989562988,2200,2,0.85,18677.519332885742,2200,2,0.85,13007.606399536133,2200,2,0.85,18183.543365478516,2200,2,0.85,31278.212661743164,2200,2,0.85,16320.477981567383,2200,2,0.85,13747.49089050293,2200,2,0.85,16837.282257080078,2200,2,0.85,56244.302993774414,2122,3191,2124,2129,2194,2193,2168,2148,2128,2128,2185,2188,2193,2194,2128,2368,3.3333334922790527,9.375,0,6.6666669845581055,3.3333334922790527,3.4482758045196533,3.4482758045196533,0,3.4482758045196533,3.4482758045196533,0,0,0,10,0,0,16665841664,4294963200,947888128,187170816
999,1744817810713,34736.94012451172,2200,2,0.85,18677.522842407227,2200,2,0.85,13007.606552124023,2200,2,0.85,18183.543518066406,2200,2,0.85,31278.212829589844,2200,2,0.85,16320.478118896484,2200,2,0.85,13747.491088867188,2200,2,0.85,16837.285552978516,2200,2,0.85,56244.32858276367,2122,3191,2124,2129,2194,2193,2168,2148,2128,2128,2185,2188,2193,2194,2128,2368,3.3333334922790527,9.375,0,6.6666669845581055,3.3333334922790527,3.4482758045196533,3.4482758045196533,0,3.4482758045196533,3.4482758045196533,0,0,0,10,0,0,16665841664,4294963200,947888128,187170816
999,1744817811713,34737.515701293945,2000,2,1.45625,18679.657806396484,3000,2,1.45,13008.131774902344,2000,2,1.45,18185.22576904297,3000,2,1.45,31278.643844604492,2112.5,2,1.45,16320.543228149414,2112.5,2,1.45,13748.806640625,2112.5,2,1.45,16848.521255493164,4225,0,1.45,56274.86650085449,2122,3191,2124,2129,2194,2193,2168,2148,2128,2128,2185,2188,2193,2194,2128,2368,2,13,2,5.0505051612854,2,0,0,39.2156867980957,2,7.920792102813721,0,0,9.803921699523926,60.000003814697266,2,2,16665841664,4294963200,1024327680,187170816
999,1744817812713,34740.357360839844,4200,0,1.4375,18679.921798706055,2800,2,1.4375,13008.203247070313,2100,2,1.4375,18185.27491760254,2100,2,1.4375,31282.783126831055,4200,0,1.4375,16320.58267211914,2100,2,1.4375,13749.022445678711,2100,2,1.4375,16853.787185668945,2100,2,1.4375,56300.86700439453,2122,3191,2124,2129,2194,2193,2168,2148,2128,2128,2185,2188,2193,2194,2128,2368,1.0101009607315063,2,0,0,32.3232307434082,0,0,43,0,0,2,0,0,0,24,0,16665841664,4294963200,1034760192,187170816
999,1744817813713,34741.0110168457,2062.5,2,1.41875,18689.31185913086,4125,0,1.41875,13014.638916015625,4125,0,1.41875,18186.58480834961,2062.5,2,1.41875,31285.247024536133,4125,0,1.41875,16321.939819335938,2062.5,2,1.41875,13750.723693847656,2062.5,2,1.41875,16856.22006225586,4125,0,1.41875,56340.08494567871,2122,3191,2124,2129,2194,2193,2168,2148,2128,2128,2185,2188,2193,2194,2128,2368,0,51.51515197753906,0,1,20.2020206451416,7.070706844329834,7.070706844329834,0,50,11.111111640930176,4,3.9603960514068604,8.08080768585205,12.121212005615234,0,27.000001907348633,16665841664,4294963200,1071579136,187170816
999,1744817814713,34743.097427368164,4250,0,1.40625,18692.660110473633,2125,2,1.40625,13028.565856933594,4275,0,1.40625,18188.48567199707,2137.5,2,1.40625,31290.243041992188,2200,2,1.40625,16323.54963684082,2200,2,1.40625,13752.940551757813,2200,2,1.40625,16856.96388244629,2200,2,1.40625,56384.31837463379,2122,3191,2124,2129,2194,2193,2168,2148,2128,2128,2185,2188,2193,2194,2128,2368,0,26.26262664794922,0,1.0204081535339355,18.81188201904297,6,9.183673858642578,0.9900990128517151,100,8.163265228271484,21,5.102040767669678,8.08080768585205,0,20,0,16665841664,4294963200,1177690112,187170816
999,1744817815713,34746.156661987305,2200,2,1.40625,18692.75230407715,2200,2,1.40625,13031.148849487305,2200,2,1.40625,18189.49577331543,2200,2,1.40625,31302.23307800293,4125,0,1.40625,16325.175552368164,2062.5,2,1.40625,13754.841430664063,2062.5,2,1.40625,16858.507614135742,2062.5,2,1.40625,56421.2131652832,2122,3191,2124,2129,2194,2193,2168,2148,2128,2128,2185,2188,2193,2194,2128,2368,2.0202019214630127,0.9900990128517151,0.9900990128517151,2,0,6.060606002807617,4,11,16,3.9603960514068604,84.8484878540039,3.9603960514068604,10.891088485717773,2,29,0,16665841664,4294963200,1186525184,187170816
999,1744817816713,34751.28958129883,2766.666666666667,2,1.4375,18692.926177978516,2075,2,1.4375,13031.206817626953,2075,2,1.4375,18197.908599853516,4150,0,1.4375,31307.777923583984,4150,0,1.4375,16327.304183959961,2075,2,1.4375,13755.50473022461,2075,2,1.4375,16864.061614990234,2075,2,1.4375,56462.51565551758,2122,3191,2124,2129,2194,2193,2168,2148,2128,2128,2185,2188,2193,2194,2128,2368,10.1010103225708,0,0,1.0101009607315063,0,2,2,21,0.9900990128517151,60.000003814697266,40,13.8613862991333,0,31,38,1,16665841664,4294963200,1194934272,187170816
999,1744817817713,34761.05032348633,4250,0,1.45,18693.19369506836,2125,2,1.45,13031.25325012207,2125,2,1.45,18199.82179260254,4250,0,1.45,31313.00373840332,2125,2,1.45,16328.571487426758,4250,0,1.45,13757.716323852539,4250,0,1.45,16866.159957885742,2125,2,1.45,56498.052001953125,2122,3191,2124,2129,2194,2193,2168,2148,2128,2128,2185,2188,2193,2194,2128,2368,64.6464614868164,0,0,8,0,11.88118839263916,19,17.171716690063477,0,0,35,0,0,1,5,0,16665841664,4294963200,1200353280,187170816
999,1744817818713,34775.22431945801,4300,0,1.4625000000000001,18694.613723754883,2150,2,1.4625000000000001,13031.346969604492,2150,2,1.4625000000000001,18200.093811035156,2150,2,1.4625000000000001,31313.047805786133,2200,2,1.4625000000000001,16329.811798095703,2200,2,1.4625000000000001,13760.44059753418,2200,2,1.4625000000000001,16866.523635864258,2200,2,1.4625000000000001,56531.55825805664,2122,3191,2124,2129,2194,2193,2168,2148,2128,2128,2185,2188,2193,2194,2128,2368,100,3,0,0,0,8.08080768585205,18,0,0,0,0,0,0,0,0,0,16665841664,4294963200,1200914432,187170816
999,1744817819713,34778.21533203125,2133.333333333333,2,1.4375,18696.59637451172,2133.333333333333,2,1.4375,13031.460647583008,2133.333333333333,2,1.4375,18202.392135620117,3200,1,1.4312500000000001,31324.740020751953,4150,0,1.4312500000000001,16331.363067626953,2075,2,1.4312500000000001,13762.184951782227,2075,2,1.4312500000000001,16866.717819213867,2075,2,1.4312500000000001,56566.958236694336,2122,3191,2124,2129,2194,2193,2168,2148,2128,2128,2185,2188,2193,2194,2128,2368,17.171716690063477,13.13131332397461,0,12.121212005615234,73,3.9603960514068604,13,0,0.9900990128517151,0,10.891088485717773,9.090909004211426,0,1,0,1,16665841664,4294963200,1202470912,187170816
999,1744817820713,34787.71000671387,4200,0,1.41875,18697.842544555664,2100,2,1.41875,13032.423110961914,2100,2,1.41875,18203.01091003418,2100,2,1.41875,31329.626724243164,2800,2,1.41875,16332.911163330078,2100,2,1.41875,13765.906066894531,4200,0,1.41875,16866.800216674805,2100,2,1.41875,56602.348052978516,2122,3191,2124,2129,2194,2193,2168,2148,2128,2128,2185,2188,2193,2194,2128,2368,67.32672882080078,11,1,3,33,0,27.000001907348633,0,1.0204081535339355,0,0,12,0,0.9900990128517151,0.9900990128517151,0,16665841664,4294963200,1211047936,187170816
999,1744817821714,34801.848205566406,4275,0,1.44375,18697.956985473633,2137.5,2,1.44375,13033.830581665039,2137.5,2,1.44375,18203.080856323242,2137.5,2,1.44375,31329.682098388672,2133.333333333333,2,1.44375,16335.866760253906,3200,1,1.44375,13768.932815551758,3200,1,1.44375,16866.88087463379,2133.333333333333,2,1.44375,56637.046798706055,2122,3191,2124,2129,2194,2193,2168,2148,2128,2128,2185,2188,2193,2194,2128,2368,100,0,0,0,1,0,18,0.9900990128517151,2.040816307067871,0,0,21.782176971435547,0,0,0,0.9900990128517151,16665841664,4294963200,1216458752,187170816
999,1744817822714,34816.5090637207,4275,0,1.41875,18698.061599731445,2137.5,2,1.41875,13035.292984008789,2137.5,2,1.41875,18203.15769958496,2137.5,2,1.41875,31329.715728759766,2200,2,1.41875,16338.222076416016,2200,2,1.41875,13769.154479980469,2200,2,1.41875,16867.008514404297,2200,2,1.41875,56668.90490722656,2122,3191,2124,2129,2194,2193,2168,2148,2128,2128,2185,2188,2193,2194,2128,2368,100,0,0,0,0,0,0,1.0101009607315063,2.040816307067871,0,0,17.171716690063477,0,0,0,0,16665841664,4294963200,1217236992,187170816
999,1744817823714,34830.79460144043,4275,0,1.45,18698.96516418457,2137.5,2,1.45,13036.761001586914,2137.5,2,1.45,18203.239471435547,2137.5,2,1.45,31331.70164489746,2850,2,1.45,16339.98307800293,4275,0,1.45,13769.55093383789,2000,2,1.45,16867.13038635254,2000,2,1.45,56702.96340942383,2122,3191,2124,2129,2194,2193,2168,2148,2128,2128,2185,2188,2193,2194,2128,2368,100,1.0101009607315063,0.9900990128517151,0,0,0,0,0,7,0,13.13131332397461,13,1.0101009607315063,0,0,0,16665841664,4294963200,1218301952,187170816
999,1744817824714,34845.213943481445,4200,0,1.425,18700.490432739258,2100,2,1.425,13037.088363647461,2100,2,1.425,18203.31690979004,2100,2,1.425,31332.69108581543,4200,0,1.425,16341.597305297852,4200,0,1.425,13770.12466430664,4200,0,1.44375,16867.73568725586,2100,2,1.44375,56735.481872558594,2122,3191,2124,2129,2194,2193,2168,2148,2128,2128,2185,2188,2193,2194,2128,2368,100,3.0612244606018066,0,1,0,0,3,0,1,0,7,13.8613862991333,3.9603960514068604,4,0,0,16665841664,4294963200,1219055616,187170816
999,1744817825714,34859.715103149414,4200,0,1.425,18700.615356445313,2100,2,1.425,13038.545715332031,2100,2,1.425,18203.383193969727,2100,2,1.425,31332.868698120117,2800,2,1.425,16343.758926391602,4200,0,1.425,13770.315826416016,2800,2,1.425,16868.02619934082,2100,2,1.425,56767.380920410156,2122,3191,2124,2129,2194,2193,2168,2148,2128,2128,2185,2188,2193,2194,2128,2368,100,0,0,0.9900990128517151,0,0,0,0.9900990128517151,1.0309277772903442,0,0,15.000000953674316,0,1,0,0.9900990128517151,16665841664,4294963200,1220042752,187170816
999,1744817826714,34874.23406982422,4275,0,1.4375,18700.735870361328,2137.5,2,1.4375,13040.000076293945,2137.5,2,1.4375,18203.451202392578,2137.5,2,1.4375,31332.902130126953,3000,2,1.4375,16347.944381713867,2000,2,1.4375,13770.360305786133,2000,2,1.4375,16868.12010192871,2000,2,1.4375,56800.64305114746,2122,3191,2124,2129,2194,2193,2168,2148,2128,2128,2185,2188,2193,2194,2128,2368,100,0,0.9900990128517151,0,0,0,0,0.9900990128517151,3.0303030014038086,0,0,30.000001907348633,0,0,0,0,16665841664,4294963200,1236606976,187170816
999,1744817827714,34888.70715332031,4275,0,1.4312500000000001,18701.220504760742,2137.5,2,1.4312500000000001,13041.245223999023,2137.5,2,1.4312500000000001,18203.505615234375,2137.5,2,1.4312500000000001,31332.938064575195,2200,2,1.4312500000000001,16348.731414794922,2200,2,1.4312500000000001,13770.947616577148,2200,2,1.4312500000000001,16868.436553955078,2200,2,1.4312500000000001,56831.1643371582,2122,3191,2124,2129,2194,2193,2168,2148,2128,2128,2185,2188,2193,2194,2128,2368,39,1,0,0,0,0,5.94059419631958,0,3.0303030014038086,0,0,7.070706844329834,0,0,60.60606384277344,0.9900990128517151,16665841664,4294963200,1235251200,187170816
999,1744817828714,34903.05041503906,4250,0,1.4375,18702.508041381836,2125,2,1.4375,13042.514129638672,2125,2,1.4375,18203.580032348633,2125,2,1.4375,31332.973709106445,2000,2,1.4312500000000001,16349.553451538086,2000,2,1.4312500000000001,13774.443389892578,3000,2,1.4312500000000001,16871.527099609375,2000,2,1.4312500000000001,56868.81217956543,2122,3191,2124,2129,2194,2193,2168,2148,2128,2128,2185,2188,2193,2194,2128,2368,33,0,0,0,0,1,26,0,3.0303030014038086,0,0,3,0,19,67.67676544189453,7,16665841664,4294963200,1236799488,187170816
1000,1744817829714,34917.58988952637,4275,0,1.4375,18702.607864379883,2137.5,2,1.4375,13043.987518310547,2137.5,2,1.4375,18203.64144897461,2137.5,2,1.4375,31333.016143798828,2200,2,1.4312500000000001,16349.633651733398,2200,2,1.4312500000000001,13774.476776123047,2200,2,1.4312500000000001,16872.113510131836,2200,2,1.4312500000000001,56897.93753051758,2122,3191,2124,2129,2194,2193,2168,2148,2128,2128,2185,2188,2193,2194,2128,2368,100,0,0,0,0,0,0,0,3.0303030014038086,0,0,0,0,2.0202019214630127,0,0,16665841664,4294963200,1236738048,187170816
999,1744817830715,34932.08876037598,4250,0,1.4125,18703.91000366211,2125,2,1.4125,13044.341232299805,2125,2,1.4125,18203.885818481445,2125,2,1.4125,31333.056915283203,2200,2,1.4125,16350.154190063477,2200,2,1.4125,13774.510833740234,2200,2,1.4125,16875.333938598633,2200,2,1.4125,56931.11265563965,2122,3191,2124,2129,2194,2193,2168,2148,2128,2128,2185,2188,2193,2194,2128,2368,100,2.040816307067871,0.9900990128517151,0,0,2,0,0,0,1.9801980257034302,0,0,0,23.76237678527832,0,0,16665841664,4294963200,1239117824,187170816
999,1744817831715,34946.7141418457,4275,0,1.41875,18705.346725463867,2137.5,2,1.41875,13044.415985107422,2137.5,2,1.41875,18203.949005126953,2137.5,2,1.41875,31333.099822998047,2200,2,1.41875,16350.369644165039,2200,2,1.41875,13774.543640136719,2200,2,1.41875,16877.056030273438,2200,2,1.41875,56961.91174316406,2122,3191,2124,2129,2194,2193,2168,2148,2128,2128,2185,2188,2193,2194,2128,2368,100,3,0,0,0,0,0,0,0,0.9900990128517151,0,0,0,12,0,0,16665841664,4294963200,1234993152,187170816
999,1744817832715,34961.24726867676,4275,0,1.4375,18706.80778503418,2137.5,2,1.4375,13044.490737915039,2137.5,2,1.4375,18204.017608642578,2137.5,2,1.4375,31333.14991760254,2200,2,1.4375,16350.589706420898,2200,2,1.4375,13774.576721191406,2200,2,1.4375,16877.92300415039,2200,2,1.4375,56991.61933898926,2122,3191,2124,2129,2194,2193,2168,2148,2128,2128,2185,2188,2193,2194,2128,2368,99,2.040816307067871,0,0,0,0,0,1,0,0,0,0,0,4,0,1,16665841664,4294963200,1235230720,187170816
999,1744817833715,34975.936126708984,4275,0,1.4375,18708.236862182617,2137.5,2,1.4375,13044.553314208984,2137.5,2,1.4375,18204.078094482422,2137.5,2,1.4375,31333.194305419922,2200,2,1.4375,16350.803802490234,2200,2,1.4375,13774.609573364258,2200,2,1.4375,16878.667587280273,2200,2,1.4375,57021.07214355469,2122,3191,2124,2129,2194,2193,2168,2148,2128,2128,2185,2188,2193,2194,2128,2368,100,2.040816307067871,0,0,0,0,0,0,0,0,0,0,0,5,0,0,16665841664,4294963200,1235824640,187170816
999,1744817834715,34990.51405334473,4275,0,1.425,18709.683639526367,2137.5,2,1.425,13044.627746582031,2137.5,2,1.425,18204.1453704834,2137.5,2,1.4375,31333.248001098633,2200,2,1.4375,16351.022918701172,2200,2,1.4375,13774.643478393555,2200,2,1.4375,16878.729385375977,2200,2,1.4375,57049.58644104004,2122,3191,2124,2129,2194,2193,2168,2148,2128,2128,2185,2188,2193,2194,2128,2368,100,2.0202019214630127,0,0.9900990128517151,0,0,0,0,0,0,0,0,0,0,0,0,16665841664,4294963200,1235677184,187170816
999,1744817835715,35005.09762573242,4250,0,1.4375,18711.22621154785,2125,2,1.4375,13044.700973510742,2125,2,1.4375,18204.21061706543,2125,2,1.4375,31333.29637145996,2125,2,1.4375,16351.160461425781,2125,2,1.4375,13774.677520751953,2125,2,1.4375,16880.220672607422,4250,0,1.4375,57079.88282775879,2122,3191,2124,2129,2194,2193,2168,2148,2128,2128,2185,2188,2193,2194,2128,2368,100,2.0202019214630127,0,0,0.9900990128517151,0,0,0,0,0,0,0,0,9.90099048614502,0,0,16665841664,4294963200,1236860928,187170816
999,1744817836715,35019.57093811035,4225,0,1.4125,18712.666290283203,2112.5,2,1.4125,13044.786560058594,2112.5,2,1.4125,18204.2733001709,2112.5,2,1.4125,31333.346801757813,2112.5,2,1.4125,16351.35824584961,2112.5,2,1.4125,13774.711044311523,2112.5,2,1.4125,16885.48651123047,4225,0,1.4125,57114.433853149414,2122,3191,2124,2129,2194,2193,2168,2148,2128,2128,2185,2188,2193,2194,2128,2368,100,3.0303030014038086,0,0,0,0,0,33,0,0,0,0,0,4.040403842926025,0,0,16665841664,4294963200,1237262336,187170816
1000,1744817837715,35034.17842102051,4275,0,1.4125,18714.140533447266,2137.5,2,1.4125,13044.85073852539,2137.5,2,1.4125,18204.340225219727,2137.5,2,1.4125,31333.39683532715,2200,2,1.4125,16351.57748413086,2200,2,1.4125,13774.743057250977,2200,2,1.4125,16886.416748046875,2200,2,1.4125,57144.48286437988,2122,3191,2124,2129,2194,2193,2168,2148,2128,2128,2185,2188,2193,2194,2128,2368,100,2.0202019214630127,0,0,0,0,0,2.97029709815979,0,0.9900990128517151,0,0,0,0,0,0,16665841664,4294963200,1237053440,187170816
999,1744817838715,35048.779052734375,4250,0,1.45,18715.600326538086,2125,2,1.45,13044.916534423828,2125,2,1.45,18204.409561157227,2125,2,1.4125,31333.441375732422,2200,2,1.4125,16351.70004272461,2200,2,1.4125,13774.778533935547,2200,2,1.4125,16886.577117919922,2200,2,1.4125,57173.28063964844,2122,3191,2124,2129,2194,2193,2168,2148,2128,2128,2185,2188,2193,2194,2128,2368,100,1.0309277772903442,0,0,0,0,0,0,0,0,0,0,0,0,0.9900990128517151,0,16665841664,4294963200,1237712896,187170816
999,1744817839715,35063.3606262207,4275,0,1.4375,18717.0399017334,2137.5,2,1.4375,13044.98324584961,2137.5,2,1.4375,18204.471618652344,2137.5,2,1.4375,31333.492965698242,2200,2,1.4375,16351.816268920898,2200,2,1.4375,13774.811477661133,2200,2,1.4375,16886.726654052734,2200,2,1.4375,57201.98504638672,2122,3191,2124,2129,2194,2193,2168,2148,2128,2128,2185,2188,2193,2194,2128,2368,100,3.0303030014038086,0,0,0,0,0,0,0,0,0,0,0,0,0,0,16665841664,4294963200,1237565440,187170816
1000,1744817840715,35077.90245056152,4300,0,1.46875,18718.194625854492,2150,2,1.46875,13046.140182495117,2150,2,1.46875,18204.540771484375,2150,2,1.46875,31334.07748413086,3000,2,1.46875,16352.033081054688,2200,2,1.4625000000000001,13774.845260620117,2200,2,1.4625000000000001,16889.076126098633,2200,2,1.4625000000000001,57235.07809448242,2122,3191,2124,2129,2194,2193,2168,2148,2128,2128,2185,2188,2193,2194,2128,2368,100,4,0,0,4,0,0,1,4.040403842926025,0,0,0,0,15.15151596069336,0,0,16665841664,4294963200,1238515712,187170816
1000,1744817841716,35092.534240722656,4275,0,1.41875,18719.65365600586,2850,2,1.41875,13046.261962890625,2137.5,2,1.41875,18204.60595703125,2137.5,2,1.4375,31334.1962890625,2200,2,1.4375,16352.201934814453,2200,2,1.4375,13774.87680053711,2200,2,1.4375,16889.370376586914,2200,2,1.4375,57264.28550720215,2122,3191,2124,2129,2194,2193,2168,2148,2128,2128,2185,2188,2193,2194,2128,2368,100,2.040816307067871,0,0,1,0,0,0,0,0,0,0,0,0.9900990128517151,0,0.9900990128517151,16665841664,4294963200,1229643776,187170816
999,1744817842716,35107.053619384766,4275,0,1.4375,18720.85791015625,2137.5,2,1.4375,13046.680908203125,2137.5,2,1.4375,18204.69256591797,2137.5,2,1.4375,31334.237991333008,2200,2,1.4375,16352.298950195313,2200,2,1.4375,13774.910949707031,2200,2,1.4375,16889.687469482422,2200,2,1.4375,57293.35615539551,2122,3191,2124,2129,2194,2193,2168,2148,2128,2128,2185,2188,2193,2194,2128,2368,100,2.0202019214630127,0,0,0,0,0,1.0101009607315063,1,0,0,0,0,0,0,0,16665841664,4294963200,1230319616,187170816
999,1744817843717,35121.4765625,4275,0,1.4375,18720.960235595703,2137.5,2,1.4375,13048.141586303711,2137.5,2,1.4375,18204.768768310547,2137.5,2,1.4375,31334.29443359375,2200,2,1.4375,16352.335876464844,2200,2,1.4375,13775.130554199219,2200,2,1.4375,16889.911544799805,2200,2,1.4375,57322.125061035156,2122,3191,2124,2129,2194,2193,2168,2148,2128,2128,2185,2188,2193,2194,2128,2368,100,0,0,0,0,0,0,0,2.040816307067871,0,0,0,1,0,0,0,16665841664,4294963200,1230438400,187170816
999,1744817844717,35135.69078063965,4275,0,1.44375,18721.917602539063,2137.5,2,1.44375,13052.607147216797,4275,0,1.44375,18204.84146118164,2125,2,1.44375,31336.415588378906,2125,2,1.48125,16353.06069946289,4250,0,1.48125,13775.163192749023,2125,2,1.48125,16892.869049072266,2833.333333333333,2,1.48125,57360.7459564209,2122,3191,2124,2129,2194,2193,2168,2148,2128,2128,2185,2188,2193,2194,2128,2368,100,2.0202019214630127,0.9900990128517151,0,19.80198097229004,0,0,0,34.34343338012695,0,0,3.9603960514068604,0,22.22222328186035,0,0,16665841664,4294963200,1259032576,187170816
999,1744817845717,35150.05058288574,4275,0,1.4125,18723.382720947266,2137.5,2,1.4375,13052.915496826172,2137.5,2,1.4375,18204.920684814453,2137.5,2,1.4375,31336.687881469727,2200,2,1.4375,16353.194519042969,2200,2,1.4375,13775.194885253906,2200,2,1.4375,16893.370330810547,2200,2,1.4375,57390.48614501953,2122,3191,2124,2129,2194,2193,2168,2148,2128,2128,2185,2188,2193,2194,2128,2368,99.00990295410156,1.0204081535339355,0,0,0,0,0,0,0,0,0,0,0,0,0,0,16665841664,4294963200,1258942464,187170816
1000,1744817846717,35164.597412109375,4250,0,1.4125,18724.85284423828,2125,2,1.4125,13052.999069213867,2125,2,1.4125,18205.00048828125,2125,2,1.4125,31336.733306884766,2200,2,1.4125,16353.418060302734,2200,2,1.4125,13775.229965209961,2200,2,1.4125,16893.484802246094,2200,2,1.4125,57419.19889831543,2122,3191,2124,2129,2194,2193,2168,2148,2128,2128,2185,2188,2193,2194,2128,2368,100,3.0303030014038086,0,0,0,0,0,0,0,0,0,0.9900990128517151,0,0,0.9900990128517151,0,16665841664,4294963200,1259831296,187170816
999,1744817847717,35178.79852294922,4250,0,1.4375,18726.277908325195,2833.333333333333,2,1.4375,13053.064743041992,2125,2,1.4375,18205.06265258789,2125,2,1.4375,31336.78453063965,2200,2,1.4375,16353.691421508789,2200,2,1.4375,13775.262985229492,2200,2,1.41875,16893.847915649414,2200,2,1.41875,57448.04844665527,2122,3191,2124,2129,2194,2193,2168,2148,2128,2128,2185,2188,2193,2194,2128,2368,100,3.0303030014038086,0,0,0,0,0,1,0,0.9900990128517151,0,2,0,0,0,0,16665841664,4294963200,1260175360,187170816
1000,1744817848717,35192.909118652344,4300,0,1.4625000000000001,18727.784378051758,2150,2,1.4625000000000001,13053.146942138672,2150,2,1.4625000000000001,18205.130935668945,2150,2,1.4625000000000001,31337.060989379883,2200,2,1.4625000000000001,16353.945785522461,2200,2,1.4625000000000001,13775.297058105469,2200,2,1.4625000000000001,16893.987838745117,2200,2,1.4625000000000001,57476.913482666016,2122,3191,2124,2129,2194,2193,2168,2148,2128,2128,2185,2188,2193,2194,2128,2368,100,4,0,0,2.97029709815979,1,0,0,0,0,0,0,0,0,0,0,16665841664,4294963200,1260412928,187170816
999,1744817849718,35207.36943054199,4275,0,1.4375,18729.26286315918,2137.5,2,1.4375,13053.195556640625,2137.5,2,1.4375,18205.201217651367,2137.5,2,1.4375,31337.17352294922,2200,2,1.4375,16353.98080444336,2200,2,1.4375,13775.328842163086,2200,2,1.4375,16894.21128845215,2200,2,1.4375,57505.71844482422,2122,3191,2124,2129,2194,2193,2168,2148,2128,2128,2185,2188,2193,2194,2128,2368,9.90099048614502,3.0303030014038086,0,0.9900990128517151,0,0,0,0,0,0,0,0,0,0,90.90909576416016,0.9900990128517151,16665841664,4294963200,1260638208,187170816
1000,1744817850718,35221.72889709473,4250,0,1.41875,18730.697311401367,2125,2,1.41875,13053.255599975586,2125,2,1.41875,18205.262313842773,2125,2,1.41875,31337.221313476563,2200,2,1.41875,16354.111343383789,2200,2,1.41875,13775.363006591797,2200,2,1.41875,16894.346420288086,2200,2,1.41875,57534.33396911621,2122,3191,2124,2129,2194,2193,2168,2148,2128,2128,2185,2188,2193,2194,2128,2368,88.8888931274414,2.0202019214630127,0,0,0,0,0,0,0,0,0,0,0,0,12,0,16665841664,4294963200,1259307008,187170816
1000,1744817851718,35236.000228881836,4250,0,1.4625000000000001,18732.148834228516,2125,2,1.4625000000000001,13053.319946289063,2125,2,1.4125,18205.33270263672,2125,2,1.4125,31337.263153076172,2200,2,1.4125,16354.147552490234,2200,2,1.4125,13775.397918701172,2200,2,1.4125,16894.56915283203,2200,2,1.4125,57562.95916748047,2122,3191,2124,2129,2194,2193,2168,2148,2128,2128,2185,2188,2193,2194,2128,2368,100,2.040816307067871,0,0,0,0,0,0,0,1,0,0,0,0,0,0,16665841664,4294963200,1259921408,187170816
999,1744817852719,35250.512435913086,4275,0,1.425,18733.62237548828,2137.5,2,1.425,13053.452941894531,2137.5,2,1.425,18205.402877807617,2137.5,2,1.425,31337.309020996094,2200,2,1.4375,16354.247695922852,2200,2,1.4375,13775.430557250977,2200,2,1.4375,16894.948211669922,2200,2,1.4375,57592.310119628906,2122,3191,2124,2129,2194,2193,2168,2148,2128,2128,2185,2188,2193,2194,2128,2368,99.00990295410156,3.0303030014038086,1,0,0,0,0,1.0101009607315063,0,0,0,0,0,0,0,0,16665841664,4294963200,1264005120,187170816
999,1744817853719,35265.05659484863,4275,0,1.4375,18735.136260986328,2137.5,2,1.4375,13053.519073486328,2137.5,2,1.4375,18205.474227905273,2137.5,2,1.4375,31337.355880737305,2200,2,1.4375,16354.467269897461,2200,2,1.4375,13775.464172363281,2200,2,1.4375,16894.989212036133,2200,2,1.4375,57621.086166381836,2122,3191,2124,2129,2194,2193,2168,2148,2128,2128,2185,2188,2193,2194,2128,2368,99.00990295410156,2.0202019214630127,0,0,0,0,0,0,0,0,0,0,0,0,0,0,16665841664,4294963200,1264713728,187170816
1000,1744817854719,35278.98240661621,4275,0,1.4125,18736.618927001953,2137.5,2,1.4125,13053.59603881836,2137.5,2,1.4125,18205.530227661133,2137.5,2,1.4125,31337.400436401367,2200,2,1.4125,16354.593688964844,2200,2,1.4125,13775.887664794922,2200,2,1.4125,16895.11996459961,2200,2,1.4125,57650.04917907715,2122,3191,2124,2129,2194,2193,2168,2148,2128,2128,2185,2188,2193,2194,2128,2368,100,3.0612244606018066,0,0,0,0,0,0,0.9900990128517151,0,0,0,3,0,0,0,16665841664,4294963200,1263710208,187170816
999,1744817855719,35293.1806640625,4250,0,1.4125,18738.05795288086,2125,2,1.4125,13053.663665771484,2125,2,1.4125,18205.592025756836,2125,2,1.4125,31337.447723388672,2200,2,1.4125,16355.224075317383,2200,2,1.4125,13775.920684814453,2200,2,1.4125,16895.252868652344,2200,2,1.4125,57679.24311828613,2122,3191,2124,2129,2194,2193,2168,2148,2128,2128,2185,2188,2193,2194,2128,2368,74,4,0,0,0.9900990128517151,4,0,0,0,0,0,0,0,0,26.73267364501953,0,16665841664,4294963200,1264566272,187170816
999,1744817856719,35307.55191040039,4250,0,1.4125,18739.493408203125,2125,2,1.4125,13053.744354248047,2125,2,1.4125,18205.64613342285,2125,2,1.4125,31337.515060424805,2200,2,1.4125,16355.448104858398,2200,2,1.4125,13775.954452514648,2200,2,1.4125,16895.28826904297,2200,2,1.4125,57707.88996887207,2122,3191,2124,2129,2194,2193,2168,2148,2128,2128,2185,2188,2193,2194,2128,2368,100,3.0303030014038086,0,0,0,0,0,0,0,0,0,0,0,0,0,0,16665841664,4294963200,1264709632,187170816
999,1744817857720,35322.05715942383,4275,0,1.4375,18739.78773498535,2137.5,2,1.4375,13055.089889526367,2137.5,2,1.4375,18205.70297241211,2137.5,2,1.4375,31337.558883666992,2200,2,1.4375,16355.669555664063,2200,2,1.4375,13775.986099243164,2200,2,1.4375,16895.446197509766,2200,2,1.4375,57736.87196350098,2122,3191,2124,2129,2194,2193,2168,2148,2128,2128,2185,2188,2193,2194,2128,2368,100,0,0,0,0,0,0,0.9900990128517151,2.040816307067871,0,0,0,0,0,0,0,16665841664,4294963200,1265913856,187170816
999,1744817858720,35336.54946899414,4275,0,1.44375,18739.899963378906,2137.5,2,1.44375,13056.5537109375,2137.5,2,1.44375,18205.749969482422,2137.5,2,1.44375,31337.60255432129,2200,2,1.44375,16355.889663696289,2200,2,1.44375,13776.020446777344,2200,2,1.44375,16895.489349365234,2200,2,1.44375,57765.50845336914,2122,3191,2124,2129,2194,2193,2168,2148,2128,2128,2185,2188,2193,2194,2128,2368,100,0,0.9900990128517151,0,0,0,0,0,3.0303030014038086,0,0,0,0,0,0,0,16665841664,4294963200,1265311744,187170816
999,1744817859720,35351.1435546875,4250,0,1.4375,18740.032302856445,2833.333333333333,2,1.4375,13058.083526611328,2125,2,1.4375,18205.80419921875,2125,2,1.4375,31337.654373168945,2200,2,1.4375,16356.035614013672,2200,2,1.4375,13776.448776245117,2200,2,1.4375,16895.64028930664,2200,2,1.4375,57794.969635009766,2122,3191,2124,2129,2194,2193,2168,2148,2128,2128,2185,2188,2193,2194,2128,2368,100,0,0,0.9900990128517151,0,0,0,0,3.0612244606018066,0,0,0,2.97029709815979,0,0,0,16665841664,4294963200,1264910336,187170816
999,1744817860720,35365.124252319336,4275,0,1.4375,18740.147384643555,2137.5,2,1.4375,13059.542343139648,2137.5,2,1.4375,18205.85935974121,2137.5,2,1.4375,31337.69793701172,2200,2,1.4375,16356.06948852539,2200,2,1.4375,13776.481307983398,2200,2,1.4375,16895.86183166504,2200,2,1.4375,57823.283630371094,2122,3191,2124,2129,2194,2193,2168,2148,2128,2128,2185,2188,2193,2194,2128,2368,100,0,0,0,0,0,0,0,3.0303030014038086,0,0,0,0,0,0,0,16665841664,4294963200,1263812608,187170816
999,1744817861720,35379.51208496094,4275,0,1.4375,18740.25668334961,2137.5,2,1.4375,13061.005859375,2137.5,2,1.4375,18205.91209411621,2137.5,2,1.4375,31337.74493408203,2200,2,1.4375,16356.101959228516,2200,2,1.4375,13776.516586303711,2200,2,1.4375,16896.08642578125,2200,2,1.4375,57851.9208984375,2122,3191,2124,2129,2194,2193,2168,2148,2128,2128,2185,2188,2193,2194,2128,2368,100,0,0,0,0,0,0,0,2.040816307067871,0,0,0,0,0,0,0,16665841664,4294963200,1264377856,187170816
999,1744817862720,35393.7472076416,4275,0,1.4375,18740.376342773438,2137.5,2,1.4375,13062.463912963867,2137.5,2,1.4375,18205.95362854004,2137.5,2,1.4375,31337.79490661621,2200,2,1.4375,16356.27702331543,2200,2,1.4375,13776.550231933594,2200,2,1.4375,16896.335876464844,2200,2,1.4375,57880.807846069336,2122,3191,2124,2129,2194,2193,2168,2148,2128,2128,2185,2188,2193,2194,2128,2368,100,0,0,0,0,0,0,1.0101009607315063,3,0,0,0,0,0,0,0,16665841664,4294963200,1263665152,187170816
999,1744817863720,35408.21272277832,4275,0,1.4375,18740.463333129883,2137.5,2,1.4375,13063.929260253906,2137.5,2,1.4375,18206.003875732422,2137.5,2,1.4375,31337.839950561523,2200,2,1.4375,16356.498580932617,2200,2,1.4375,13776.583312988281,2200,2,1.4375,16896.37452697754,2200,2,1.4375,57909.4571685791,2122,3191,2124,2129,2194,2193,2168,2148,2128,2128,2185,2188,2193,2194,2128,2368,10.891088485717773,0,0.9900990128517151,0,0.9900990128517151,0,0,0,3.0303030014038086,0,0,0,0,0,89.1089096069336,0.9900990128517151,16665841664,4294963200,1263677440,187170816
999,1744817864720,35422.806396484375,4275,0,1.425,18740.899002075195,2137.5,2,1.425,13065.172088623047,2137.5,2,1.425,18206.055236816406,2137.5,2,1.425,31337.901092529297,2200,2,1.425,16356.718841552734,2200,2,1.425,13777.014511108398,2200,2,1.425,16896.409606933594,2200,2,1.425,57939.04998779297,2122,3191,2124,2129,2194,2193,2168,2148,2128,2128,2185,2188,2193,2194,2128,2368,0,1.9801980257034302,0,0,0,0,0,0,3.0303030014038086,0,0,0,3,0,100,0,16665841664,4294963200,1263902720,187170816
999,1744817865720,35437.365005493164,4250,0,1.4375,18742.337158203125,2125,2,1.4375,13065.223739624023,2125,2,1.4375,18206.107208251953,2125,2,1.4375,31337.95867919922,2200,2,1.4375,16356.933227539063,2200,2,1.4375,13777.046783447266,2200,2,1.4375,16896.45411682129,2200,2,1.4375,57967.755126953125,2122,3191,2124,2129,2194,2193,2168,2148,2128,2128,2185,2188,2193,2194,2128,2368,1,3.0303030014038086,0,0,0,0,0,0,0,0,0,0,0,0,100,0,16665841664,4294963200,1265102848,187170816
1000,1744817866720,35451.90669250488,4275,0,1.4312500000000001,18743.77214050293,2137.5,2,1.4312500000000001,13065.272750854492,2137.5,2,1.4312500000000001,18206.158203125,2137.5,2,1.4312500000000001,31338.00227355957,2200,2,1.4312500000000001,16357.156799316406,2200,2,1.4312500000000001,13777.081954956055,2200,2,1.4312500000000001,16896.497650146484,2200,2,1.4312500000000001,57996.540786743164,2122,3191,2124,2129,2194,2193,2168,2148,2128,2128,2185,2188,2193,2194,2128,2368,0,2.040816307067871,0,0,0.9900990128517151,0,0,0,0,0,0,0,0,0,100,0.9900990128517151,16665841664,4294963200,1265844224,187170816
999,1744817867721,35466.41427612305,4275,0,1.425,18745.19744873047,2137.5,2,1.425,13065.318817138672,2137.5,2,1.425,18206.204528808594,2137.5,2,1.425,31338.049591064453,2200,2,1.425,16357.381958007813,2200,2,1.425,13777.115203857422,2200,2,1.425,16896.709014892578,2200,2,1.425,58025.420150756836,2122,3191,2124,2129,2194,2193,2168,2148,2128,2128,2185,2188,2193,2194,2128,2368,0,3.0303030014038086,0,0,0,0,0,1,0,0,0,0,0,0,100,0,16665841664,4294963200,1265451008,187170816
999,1744817868721,35480.947494506836,4275,0,1.4375,18746.630447387695,2137.5,2,1.4375,13065.370910644531,2137.5,2,1.4375,18206.254501342773,2137.5,2,1.4375,31338.100875854492,2200,2,1.4375,16357.602447509766,2200,2,1.4375,13777.148834228516,2200,2,1.4375,16896.74510192871,2200,2,1.4375,58054.09861755371,2122,3191,2124,2129,2194,2193,2168,2148,2128,2128,2185,2188,2193,2194,2128,2368,0,2.040816307067871,0,0,0,0,0,0,0,0,0,0,0,0,100,0,16665841664,4294963200,1265758208,187170816
999,1744817869721,35495.55186462402,4250,0,1.4125,18748.128814697266,2125,2,1.4125,13065.427444458008,2125,2,1.4125,18206.30728149414,2125,2,1.4125,31338.481567382813,2200,2,1.4125,16357.819213867188,2200,2,1.4125,13777.181823730469,2200,2,1.4125,16896.780838012695,2200,2,1.41875,58083.318130493164,2122,3191,2124,2129,2194,2193,2168,2148,2128,2128,2185,2188,2193,2194,2128,2368,0,3.0612244606018066,0,0,0,0,0,0,0,0,3,0,0,0,100,0,16665841664,4294963200,1265975296,187170816
1000,1744817870721,35510.087341308594,4250,0,1.41875,18749.56463623047,2125,2,1.41875,13065.482696533203,2125,2,1.41875,18206.361434936523,2125,2,1.41875,31338.526901245117,2200,2,1.41875,16358.04377746582,2200,2,1.41875,13777.216171264648,2200,2,1.41875,16896.82487487793,2200,2,1.41875,58111.990173339844,2122,3191,2124,2129,2194,2193,2168,2148,2128,2128,2185,2188,2193,2194,2128,2368,0,3.0303030014038086,0,0,0,0,0,0,0,0,0,0,0,0,100,0.9900990128517151,16665841664,4294963200,1266429952,187170816
1,1744817871721,35517.471588134766,2162.5,2,0.91875,18750.36996459961,4325,0,0.91875,13065.583526611328,2162.5,2,0.91875,18206.905227661133,4325,0,0.91875,31338.589263916016,2200,2,0.91875,16358.198501586914,2200,2,0.91875,13777.275177001953,2200,2,0.91875,16896.894287109375,2200,2,0.91875,58131.78663635254,2122,3191,2124,2129,2194,2193,2168,2148,2128,2128,2185,2188,2193,2194,2128,2368,0,1.0101009607315063,0.9900990128517151,3.9603960514068604,0.9900990128517151,0,0,0,0.9900990128517151,2,0,0,0,0.9900990128517151,49,0,16665841664,4294963200,958472192,187170816
