Delta,Time,CORE0_ENERGY (J),CORE0_FREQ (MHZ),CORE0_PSTATE,CORE0_VOLT (V),CORE1_ENERGY (J),CORE1_FREQ (MHZ),CORE1_PSTATE,CORE1_VOLT (V),CORE2_ENERGY (J),CORE2_FREQ (MHZ),CORE2_PSTATE,CORE2_VOLT (V),CORE3_ENERGY (J),CORE3_FREQ (MHZ),CORE3_PSTATE,CORE3_VOLT (V),CORE4_ENERGY (J),CORE4_FREQ (MHZ),CORE4_PSTATE,CORE4_VOLT (V),CORE5_ENERGY (J),CORE5_FREQ (MHZ),CORE5_PSTATE,CORE5_VOLT (V),CORE6_ENERGY (J),CORE6_FREQ (MHZ),CORE6_PSTATE,CORE6_VOLT (V),CORE7_ENERGY (J),CORE7_FREQ (MHZ),CORE7_PSTATE,CORE7_VOLT (V),CPU_ENERGY (J),CPU_FREQUENCY_0,CPU_FREQUENCY_1,CPU_FREQUENCY_10,CPU_FREQUENCY_11,CPU_FREQUENCY_12,CPU_FREQUENCY_13,CPU_FREQUENCY_14,CPU_FREQUENCY_15,CPU_FREQUENCY_2,CPU_FREQUENCY_3,CPU_FREQUENCY_4,CPU_FREQUENCY_5,CPU_FREQUENCY_6,CPU_FREQUENCY_7,CPU_FREQUENCY_8,CPU_FREQUENCY_9,CPU_USAGE_0,CPU_USAGE_1,CPU_USAGE_10,CPU_USAGE_11,CPU_USAGE_12,CPU_USAGE_13,CPU_USAGE_14,CPU_USAGE_15,CPU_USAGE_2,CPU_USAGE_3,CPU_USAGE_4,CPU_USAGE_5,CPU_USAGE_6,CPU_USAGE_7,CPU_USAGE_8,CPU_USAGE_9,TOTAL_MEMORY,TOTAL_SWAP,USED_MEMORY,USED_SWAP
0,1744972556050,17536.353805541992,2133.333333333333,2,0.9625,60782.99630737305,3200,1,0.9625,32665.216232299805,2133.333333333333,2,0.95625,59983.67073059082,2133.333333333333,2,0.95625,5580.433929443359,2200,2,0.95625,63448.34715270996,2200,2,0.95625,48758.542068481445,2200,2,0.95625,16344.818588256836,2200,2,0.95625,52702.93981933594,2128,3192,2102,2126,2194,2121,2195,2195,2124,2129,2193,2167,2183,2191,2127,3197,0,0,0,0,0,0,3.846153974533081,4,3.846153974533081,3.846153974533081,0,3.846153974533081,0,0,0,0,16665841664,4294963200,851054592,288096256
999,1744972556050,17536.35580444336,2133.333333333333,2,0.95625,60782.99647521973,3200,1,0.95625,32665.216384887695,2133.333333333333,2,0.95625,59983.67088317871,2133.333333333333,2,0.95625,5580.434173583984,2200,2,0.95625,63448.3473815918,2200,2,0.95625,48758.54229736328,2200,2,0.95625,16344.823059082031,2200,2,0.95625,52702.96757507324,2128,3192,2102,2126,2194,2121,2195,2195,2124,2129,2193,2167,2183,2191,2127,3197,0,0,0,0,0,0,3.846153974533081,4,3.846153974533081,3.846153974533081,0,3.846153974533081,0,0,0,0,16665841664,4294963200,851054592,288096256
999,1744972557050,17540.173782348633,4000,0,1.33125,60786.50601196289,4000,0,1.33125,32668.168579101563,4000,0,1.33125,59986.81922912598,4000,0,1.33125,5583.494003295898,4000,0,1.33125,63451.27592468262,4000,0,1.33125,48761.766693115234,4000,0,1.33125,16356.887557983398,4000,0,1.33125,52750.64907836914,2128,3192,2102,2126,2194,2121,2195,2195,2124,2129,2193,2167,2183,2191,2127,3197,18.18181800842285,32,11.88118839263916,27.272727966308594,19.191919326782227,13,0.9900990128517151,96.03960418701172,22.77227783203125,6,22,14.285715103149414,33,0,25,5,16665841664,4294963200,1129922560,288096256
999,1744972558050,17540.78956604004,2087.5,2,1.4375,60787.9920501709,4175,0,1.4375,32668.88897705078,2087.5,2,1.4375,59988.59568786621,4175,0,1.4375,5584.4593505859375,2087.5,2,1.4375,63451.939453125,2087.5,2,1.4375,48762.56230163574,2783.333333333333,2,1.4375,16368.250946044922,4175,0,1.4375,52783.73840332031,2128,3192,2102,2126,2194,2121,2195,2195,2124,2129,2193,2167,2183,2191,2127,3197,3,1.0101009607315063,4.95049524307251,2.97029709815979,0.9900990128517151,0.9900990128517151,1,100,3.0303030014038086,10.204081535339355,6.060606002807617,1,0,0,2.97029709815979,11,16665841664,4294963200,1512603648,288096256
999,1744972559050,17541.073150634766,2200,2,1.4312500000000001,60788.45510864258,2200,2,1.4312500000000001,32669.109573364258,2200,2,1.4312500000000001,59988.84408569336,2200,2,1.4312500000000001,5585.236236572266,2100,2,1.4312500000000001,63452.19340515137,2100,2,1.4312500000000001,48762.856521606445,2100,2,1.4312500000000001,16380.018981933594,4200,0,1.44375,52812.313552856445,2128,3192,2102,2126,2194,2121,2195,2195,2124,2129,2193,2167,2183,2191,2127,3197,1,1,1.0101009607315063,1,0,1,1,99.00990295410156,0.9900990128517151,0.9900990128517151,6,2.97029709815979,0.9900990128517151,0,2,4,16665841664,4294963200,1802907648,288096256
1000,1744972560051,17541.357650756836,2200,2,1.4312500000000001,60788.571350097656,2200,2,1.4312500000000001,32669.25959777832,2200,2,1.4312500000000001,59988.939025878906,2200,2,1.4312500000000001,5585.968566894531,2100,2,1.4312500000000001,63452.352798461914,2100,2,1.4375,48763.02217102051,2100,2,1.4375,16392.276473999023,4200,0,1.4375,52840.695571899414,2128,3192,2102,2126,2194,2121,2195,2195,2124,2129,2193,2167,2183,2191,2127,3197,1,0.9900990128517151,1.0101009607315063,0,0,0,1,100,1,1,5,1,1,0,1.0101009607315063,0,16665841664,4294963200,1803939840,288096256
999,1744972561051,17542.885635375977,2200,2,1.45,60788.74794006348,2200,2,1.45,32669.574813842773,2200,2,1.45,59989.07612609863,2200,2,1.45,5586.109329223633,2112.5,2,1.45,63452.699798583984,2112.5,2,1.45,48763.387283325195,2112.5,2,1.45,16404.3468170166,4225,0,1.45,52870.32801818848,2128,3192,2102,2126,2194,2121,2195,2195,2124,2129,2193,2167,2183,2191,2127,3197,13.13131332397461,1.0101009607315063,2.97029709815979,1,0,1,2,100,1,1.9801980257034302,2,3,1,0,2.0202019214630127,1.0101009607315063,16665841664,4294963200,1803939840,288096256
999,1744972562051,17543.191818237305,2200,2,1.4625000000000001,60788.913009643555,2200,2,1.4625000000000001,32669.755249023438,2200,2,1.4625000000000001,59989.23156738281,2200,2,1.4625000000000001,5586.250823974609,2100,2,1.4625000000000001,63452.91128540039,2100,2,1.4375,48763.563415527344,2100,2,1.4375,16416.608306884766,4200,0,1.4375,52898.59843444824,2128,3192,2102,2126,2194,2121,2195,2195,2124,2129,2193,2167,2183,2191,2127,3197,2,1,1.0101009607315063,1.0101009607315063,0,1.9801980257034302,0,15.000000953674316,1.0101009607315063,1,1,2,1,85,1.9801980257034302,1,16665841664,4294963200,1803010048,288096256
999,1744972563051,17543.430892944336,2200,2,1.40625,60789.065002441406,2200,2,1.40625,32669.9783782959,2200,2,1.40625,59989.41612243652,2200,2,1.40625,5586.379333496094,2112.5,2,1.40625,63453.133361816406,2112.5,2,1.40625,48763.761489868164,2112.5,2,1.40625,16428.699249267578,4225,0,1.40625,52926.79690551758,2128,3192,2102,2126,2194,2121,2195,2195,2124,2129,2193,2167,2183,2191,2127,3197,2.97029709815979,1,1,2,0,1,1,1.9801980257034302,1,1,1,1.0101009607315063,1,100,1,1,16665841664,4294963200,1803010048,288096256
999,1744972564052,17543.752960205078,2200,2,1.4312500000000001,60789.221588134766,2200,2,1.4312500000000001,32670.172149658203,2200,2,1.4312500000000001,59989.6397857666,2200,2,1.4375,5586.505722045898,2087.5,2,1.4375,63453.30839538574,2087.5,2,1.4375,48763.96859741211,2087.5,2,1.4375,16440.75178527832,4175,0,1.4375,52955.0217590332,2128,3192,2102,2126,2194,2121,2195,2195,2124,2129,2193,2167,2183,2191,2127,3197,3.0303030014038086,1,1,2,0,1,1.9801980257034302,1.0101009607315063,1,1.0101009607315063,1.0101009607315063,2,0,100,1,1,16665841664,4294963200,1801662464,288096256
999,1744972565052,17543.942108154297,2200,2,1.4375,60789.362548828125,2200,2,1.4625000000000001,32670.310424804688,2200,2,1.4625000000000001,59989.821060180664,2200,2,1.4625000000000001,5586.636428833008,2100,2,1.4625000000000001,63453.45265197754,2100,2,1.4625000000000001,48764.12727355957,2100,2,1.4625000000000001,16452.894729614258,4200,0,1.4625000000000001,52982.93276977539,2128,3192,2102,2126,2194,2121,2195,2195,2124,2129,2193,2167,2183,2191,2127,3197,1,1.0101009607315063,0,1.9801980257034302,0,1.0101009607315063,2,1,1,1,1.9801980257034302,1,0,100,1.0101009607315063,2,16665841664,4294963200,1800757248,288096256
989,1744972566062,17544.24838256836,2200,2,1.4312500000000001,60789.59663391113,2200,2,1.4312500000000001,32670.502685546875,2200,2,1.4312500000000001,59990.13589477539,2200,2,1.4312500000000001,5586.842987060547,2087.5,2,1.4312500000000001,63453.648986816406,2087.5,2,1.4312500000000001,48764.25703430176,2087.5,2,1.4312500000000001,16464.933547973633,4175,0,1.4312500000000001,53011.45552062988,2128,3192,2102,2126,2194,2121,2195,2195,2124,2129,2193,2167,2183,2191,2127,3197,2.97029709815979,1.9801980257034302,0.9900990128517151,2.97029709815979,1.9801980257034302,1.9607844352722168,0.9900990128517151,1.9801980257034302,1.9801980257034302,1.9801980257034302,2.97029709815979,1.9801980257034302,0,99.01960754394531,1.9607844352722168,1,16665841664,4294963200,1797849088,288096256
999,1744972567052,17544.48748779297,2200,2,1.4312500000000001,60789.79325866699,2200,2,1.4312500000000001,32670.651733398438,2200,2,1.4312500000000001,59990.324478149414,2200,2,1.4312500000000001,5586.970123291016,2100,2,1.4375,63453.837005615234,2100,2,1.4375,48764.348205566406,2100,2,1.4375,16476.875701904297,4200,0,1.4375,53039.092834472656,2128,3192,2102,2126,2194,2121,2195,2195,2124,2129,2193,2167,2183,2191,2127,3197,2.0202019214630127,3,0,2.0202019214630127,1.0101009607315063,1.0204081535339355,0,1.0101009607315063,1.0204081535339355,2,1.0101009607315063,2.0202019214630127,1.0101009607315063,100,1.0204081535339355,2,16665841664,4294963200,1793810432,288096256
999,1744972568052,17544.700637817383,2200,2,1.4312500000000001,60789.98387145996,2200,2,1.41875,32670.8025970459,2200,2,1.41875,59990.5145111084,2200,2,1.41875,5587.101806640625,2112.5,2,1.41875,63453.98731994629,2112.5,2,1.41875,48764.41442871094,2112.5,2,1.41875,16488.99919128418,4225,0,1.41875,53067.10208129883,2128,3192,2102,2126,2194,2121,2195,2195,2124,2129,2193,2167,2183,2191,2127,3197,2,1.0101009607315063,0,1.0101009607315063,1.0101009607315063,1,0,1,1.9801980257034302,1,1,1,0.9900990128517151,100,1,0,16665841664,4294963200,1793081344,288096256
999,1744972569052,17544.999923706055,2200,2,1.425,60790.19859313965,2200,2,1.4375,32670.95310974121,2200,2,1.4375,59990.734298706055,2200,2,1.4375,5587.2366943359375,2100,2,1.4375,63454.14375305176,2100,2,1.4375,48764.466873168945,2100,2,1.4375,16500.93423461914,4200,0,1.4375,53095.05860900879,2128,3192,2102,2126,2194,2121,2195,2195,2124,2129,2193,2167,2183,2191,2127,3197,3.0303030014038086,2,0,2,1.9801980257034302,1,0,2,1,1.0101009607315063,1,1,0,100,1,1.9801980257034302,16665841664,4294963200,1788903424,288096256
1000,1744972570052,17545.208938598633,2200,2,1.4375,60790.39335632324,2200,2,1.4375,32671.104095458984,2200,2,1.4375,59990.87812805176,2200,2,1.4375,5587.373199462891,2100,2,1.4375,63454.288833618164,2100,2,1.4375,48764.55918884277,2100,2,1.4375,16513.04475402832,4200,0,1.4375,53122.9561920166,2128,3192,2102,2126,2194,2121,2195,2195,2124,2129,2193,2167,2183,2191,2127,3197,1,2,1,1.0101009607315063,1,2,0,1,1.0101009607315063,1,1.0101009607315063,1.0101009607315063,0,100,1,1,16665841664,4294963200,1787215872,288096256
999,1744972571053,17545.919799804688,2200,2,1.44375,60790.65213012695,2200,2,1.44375,32671.322219848633,2200,2,1.44375,59991.09603881836,2200,2,1.44375,5587.641555786133,2100,2,1.44375,63454.4315032959,2100,2,1.44375,48764.69821166992,2100,2,1.44375,16525.03741455078,4200,0,1.44375,53151.7048034668,2128,3192,2102,2126,2194,2121,2195,2195,2124,2129,2193,2167,2183,2191,2127,3197,7.920792102813721,2,1.9607844352722168,1.9801980257034302,1,1,0,1.0101009607315063,1,2,2.97029709815979,1.9801980257034302,1,100,1,1,16665841664,4294963200,1792741376,288096256
999,1744972572053,17546.220962524414,2200,2,1.4625000000000001,60790.850494384766,2200,2,1.4625000000000001,32671.571716308594,2200,2,1.4625000000000001,59991.49711608887,2200,2,1.4625000000000001,5587.880172729492,2100,2,1.4625000000000001,63454.57662963867,2100,2,1.4625000000000001,48764.81010437012,2100,2,1.4625000000000001,16537.343505859375,4200,0,1.4375,53180.28552246094,2128,3192,2102,2126,2194,2121,2195,2195,2124,2129,2193,2167,2183,2191,2127,3197,2.0202019214630127,2,1.0101009607315063,1,1.0101009607315063,1,0,1.9801980257034302,1.9801980257034302,3.9603960514068604,2,1,1,100,1.9801980257034302,1.0101009607315063,16665841664,4294963200,1792217088,288096256
999,1744972573053,17546.49543762207,2200,2,1.4312500000000001,60791.07958984375,2200,2,1.4312500000000001,32671.76918029785,2200,2,1.4312500000000001,59991.648529052734,2200,2,1.4312500000000001,5588.06086730957,2100,2,1.4312500000000001,63454.72218322754,2100,2,1.4312500000000001,48764.86763000488,2100,2,1.4312500000000001,16549.317840576172,4200,0,1.4312500000000001,53208.08728027344,2128,3192,2102,2126,2194,2121,2195,2195,2124,2129,2193,2167,2183,2191,2127,3197,2,2,0,1,1,1,0,1,1,1.0101009607315063,2,1,0,99.00990295410156,1.0101009607315063,1,16665841664,4294963200,1789214720,288096256
999,1744972574053,17546.787841796875,2200,2,1.44375,60791.27850341797,2200,2,1.44375,32671.94007873535,2200,2,1.44375,59991.78598022461,2200,2,1.44375,5588.462905883789,2100,2,1.44375,63454.8699798584,2100,2,1.44375,48764.92657470703,2100,2,1.44375,16561.39044189453,4200,0,1.44375,53236.31655883789,2128,3192,2102,2126,2194,2121,2195,2195,2124,2129,2193,2167,2183,2191,2127,3197,2,1,1,1.0101009607315063,1,1,0,1.0101009607315063,1.0101009607315063,1,2.0202019214630127,1,0,100,1,1,16665841664,4294963200,1787662336,288096256
999,1744972575053,17547.216430664063,2200,2,1.4312500000000001,60791.43762207031,2200,2,1.4312500000000001,32672.06965637207,2200,2,1.4312500000000001,59991.91957092285,2200,2,1.4375,5588.598449707031,2100,2,1.4375,63455.01434326172,2100,2,1.4375,48764.987045288086,2100,2,1.4375,16573.3955078125,4200,0,1.4375,53264.194107055664,2128,3192,2102,2126,2194,2121,2195,2195,2124,2129,2193,2167,2183,2191,2127,3197,4,2,0,1,1.9801980257034302,1.0101009607315063,0,1.9801980257034302,1,1,1,2,0,100,1,2.97029709815979,16665841664,4294963200,1786458112,288096256
999,1744972576053,17547.477569580078,2200,2,1.46875,60791.667236328125,2200,2,1.425,32672.229705810547,2200,2,1.425,59992.050521850586,2200,2,1.425,5588.731491088867,2100,2,1.425,63455.16026306152,2100,2,1.425,48765.11511230469,2100,2,1.425,16585.366928100586,4200,0,1.425,53292.06280517578,2128,3192,2102,2126,2194,2121,2195,2195,2124,2129,2193,2167,2183,2191,2127,3197,2.0202019214630127,2,0,1,1.0101009607315063,1,0.9900990128517151,1,2.97029709815979,1,1.9801980257034302,1,1,100,2,1,16665841664,4294963200,1785790464,288096256
999,1744972577053,17547.845001220703,2200,2,1.4375,60791.87829589844,2200,2,1.4375,32672.374603271484,2200,2,1.4375,59992.17875671387,2200,2,1.4375,5588.864517211914,2100,2,1.4375,63455.31330871582,2100,2,1.4375,48765.172943115234,2100,2,1.4375,16597.37237548828,4200,0,1.4375,53319.95281982422,2128,3192,2102,2126,2194,2121,2195,2195,2124,2129,2193,2167,2183,2191,2127,3197,3,2,1,1,1,1.9801980257034302,0,1,1,1,1.0101009607315063,1.9801980257034302,0,99,1,1,16665841664,4294963200,1784434688,288096256
999,1744972578054,17548.813369750977,2200,2,1.4375,60792.2001953125,2200,2,1.4375,32672.665954589844,2200,2,1.4375,59992.36022949219,2200,2,1.4375,5589.037155151367,2100,2,1.4375,63455.49368286133,2100,2,1.4375,48765.566818237305,2100,2,1.4375,16609.548934936523,4200,0,1.4375,53349.38540649414,2128,3192,2102,2126,2194,2121,2195,2195,2124,2129,2193,2167,2183,2191,2127,3197,9.90099048614502,3,1,2,2,2,1.0101009607315063,0,2,2,0,1.0101009607315063,3.0303030014038086,100,1.9801980257034302,2,16665841664,4294963200,1784426496,288096256
999,1744972579054,17549.734375,2200,2,1.4312500000000001,60792.390869140625,2200,2,1.4312500000000001,32672.808975219727,2200,2,1.4312500000000001,59992.504653930664,2200,2,1.4375,5589.160385131836,2100,2,1.4375,63455.650451660156,2100,2,1.4375,48766.462829589844,2100,2,1.4375,16621.59391784668,4200,0,1.4375,53378.50050354004,2128,3192,2102,2126,2194,2121,2195,2195,2124,2129,2193,2167,2183,2191,2127,3197,6,2,1,1.9801980257034302,1,1,2,0,0,2,0,1.9801980257034302,6.93069314956665,100,1.0101009607315063,1,16665841664,4294963200,1784307712,288096256
999,1744972580054,17549.991989135742,2200,2,1.425,60792.62419128418,2200,2,1.45,32672.969970703125,2200,2,1.45,59992.63269042969,2200,2,1.45,5589.329132080078,2100,2,1.45,63455.83383178711,2100,2,1.45,48766.60682678223,2100,2,1.45,16633.767120361328,4200,0,1.45,53406.514724731445,2128,3192,2102,2126,2194,2121,2195,2195,2124,2129,2193,2167,2183,2191,2127,3197,3,1.0101009607315063,0,1.0101009607315063,2,2,1,1,2,0,0,1.0101009607315063,1,99.00990295410156,1.9801980257034302,1.0101009607315063,16665841664,4294963200,1784307712,288096256
999,1744972581054,17550.38233947754,2200,2,1.45625,60792.79885864258,2200,2,1.45625,32673.149307250977,2200,2,1.45625,59992.73324584961,2200,2,1.45625,5589.4993896484375,2100,2,1.45625,63456.006896972656,2100,2,1.45625,48766.779693603516,2100,2,1.45625,16645.797744750977,4200,0,1.45625,53434.777252197266,2128,3192,2102,2126,2194,2121,2195,2195,2124,2129,2193,2167,2183,2191,2127,3197,3,2,1,0,1,1,1.0101009607315063,1.9801980257034302,1,0,0,1,1.9801980257034302,100,1.0101009607315063,1.9801980257034302,16665841664,4294963200,1783504896,288096256
999,1744972582054,17550.731521606445,2200,2,1.4375,60792.956970214844,2200,2,1.4375,32673.30308532715,2200,2,1.4375,59992.819564819336,2200,2,1.4375,5589.632415771484,2100,2,1.4375,63456.15441894531,2100,2,1.4375,48766.94372558594,2100,2,1.4375,16657.838470458984,4200,0,1.4375,53462.747817993164,2128,3192,2102,2126,2194,2121,2195,2195,2124,2129,2193,2167,2183,2191,2127,3197,3,1,1,0,1,1,1.9801980257034302,1,1.0101009607315063,0,0,1.9801980257034302,1.0101009607315063,100,1,1.0101009607315063,16665841664,4294963200,1782800384,288096256
999,1744972583054,17550.95147705078,2200,2,1.4625000000000001,60793.158599853516,2200,2,1.4625000000000001,32673.49932861328,2200,2,1.4625000000000001,59992.9700012207,2200,2,1.4625000000000001,5589.770843505859,2100,2,1.4312500000000001,63456.31285095215,2100,2,1.4312500000000001,48767.11030578613,2100,2,1.4312500000000001,16669.90200805664,4200,0,1.4312500000000001,53490.863540649414,2128,3192,2102,2126,2194,2121,2195,2195,2124,2129,2193,2167,2183,2191,2127,3197,2.0202019214630127,2,2,0,0,2,2,0,2,2,2,1.0101009607315063,1.9801980257034302,100,1.9801980257034302,1,16665841664,4294963200,1782181888,288096256
999,1744972584054,17551.142517089844,2200,2,1.425,60793.32081604004,2200,2,1.425,32673.661056518555,2200,2,1.4375,59993.132583618164,2200,2,1.4375,5589.912902832031,2100,2,1.4375,63456.478439331055,2100,2,1.4375,48767.282302856445,2100,2,1.4375,16681.956909179688,4200,0,1.4375,53518.90704345703,2128,3192,2102,2126,2194,2121,2195,2195,2124,2129,2193,2167,2183,2191,2127,3197,1,2,1,1,0,1,2,0,1.9801980257034302,1,1,1.9801980257034302,1.0101009607315063,100,1.0101009607315063,2,16665841664,4294963200,1782181888,288096256
999,1744972585054,17551.361770629883,2200,2,1.4375,60793.46760559082,2200,2,1.4375,32673.833862304688,2200,2,1.4375,59993.330139160156,2200,2,1.4375,5590.037750244141,2100,2,1.4375,63456.620376586914,2100,2,1.4375,48767.41914367676,2100,2,1.4375,16693.994140625,4200,0,1.4375,53546.75428771973,2128,3192,2102,2126,2194,2121,2195,2195,2124,2129,2193,2167,2183,2191,2127,3197,2,1,0,0.9900990128517151,1,1.0101009607315063,1,0,1.0101009607315063,2,2,1.0101009607315063,1,100,1.9801980257034302,1,16665841664,4294963200,1782181888,288096256
1000,1744972586054,17552.338119506836,2200,2,1.4375,60793.63737487793,2200,2,1.4375,32674.029525756836,2200,2,1.4375,59993.47007751465,2200,2,1.4375,5590.200134277344,2100,2,1.4375,63456.787017822266,2100,2,1.4375,48767.59159851074,2100,2,1.4375,16706.002655029297,4200,0,1.4375,53575.52015686035,2128,3192,2102,2126,2194,2121,2195,2195,2124,2129,2193,2167,2183,2191,2127,3197,8,1,1.9801980257034302,0,2,1.9801980257034302,1.0101009607315063,0,2,1,1,1,1.9801980257034302,99.00990295410156,1.0101009607315063,1.9801980257034302,16665841664,4294963200,1782181888,288096256
999,1744972587055,17553.587127685547,2000,2,1.45,60793.8076171875,3000,2,1.4375,32674.196258544922,2000,2,1.4375,59993.650390625,2000,2,1.4375,5590.352035522461,2100,2,1.4375,63456.94659423828,2100,2,1.4375,48767.76824951172,2100,2,1.4375,16718.11700439453,4200,0,1.4375,53604.63380432129,2128,3192,2102,2126,2194,2121,2195,2195,2124,2129,2193,2167,2183,2191,2127,3197,9.090909004211426,2,1.0101009607315063,0.9900990128517151,1,1.0101009607315063,2.97029709815979,0,1.9801980257034302,1,1,1.9801980257034302,1.0101009607315063,99,1.9801980257034302,1.0101009607315063,16665841664,4294963200,1777754112,288096256
999,1744972588055,17562.620559692383,4250,0,1.4312500000000001,60794.05876159668,2125,2,1.4312500000000001,32674.497360229492,2125,2,1.4312500000000001,59994.16246032715,2125,2,1.4312500000000001,5590.637802124023,2200,2,1.4312500000000001,63457.15449523926,2200,2,1.4312500000000001,48768.07832336426,2200,2,1.4312500000000001,16722.00616455078,2200,2,1.4312500000000001,53634.003021240234,2128,3192,2102,2126,2194,2121,2195,2195,2124,2129,2193,2167,2183,2191,2127,3197,73,2,2,0,3,2,2,0,3,5,2,2.0202019214630127,3,27.000001907348633,2,2,16665841664,4294963200,1777659904,288096256
999,1744972589055,17574.862258911133,4325,0,1.4312500000000001,60794.218353271484,2125,2,1.4312500000000001,32674.649673461914,2125,2,1.4312500000000001,59994.444396972656,2125,2,1.4312500000000001,5590.787612915039,2200,2,1.4312500000000001,63457.28282165527,2200,2,1.4375,48768.31913757324,2200,2,1.4375,16722.12957763672,2200,2,1.4375,53662.36631774902,2128,3192,2102,2126,2194,2121,2195,2195,2124,2129,2193,2167,2183,2191,2127,3197,99,1.9801980257034302,1,0,1,1,1.0101009607315063,0,1.0101009607315063,2,1.9801980257034302,1,1,1,1.0101009607315063,1,16665841664,4294963200,1777659904,288096256
999,1744972590055,17579.890563964844,2100,2,1.40625,60801.765197753906,4200,0,1.40625,32674.822326660156,2100,2,1.40625,59994.66796875,2100,2,1.40625,5590.946594238281,2200,2,1.40625,63457.42778015137,2200,2,1.4375,48768.47666931152,2200,2,1.4375,16722.255645751953,2200,2,1.4375,53690.685485839844,2128,3192,2102,2126,2194,2121,2195,2195,2124,2129,2193,2167,2183,2191,2127,3197,38,62,1.9801980257034302,0,1.0101009607315063,1.9801980257034302,1,0,1.9801980257034302,2,1.0101009607315063,1,1,1.0101009607315063,1,2,16665841664,4294963200,1777659904,288096256
999,1744972591055,17580.11460876465,2112.5,2,1.4625000000000001,60813.92770385742,4225,0,1.4625000000000001,32675.105834960938,2112.5,2,1.4625000000000001,59994.978256225586,2112.5,2,1.4625000000000001,5591.46159362793,2200,2,1.4625000000000001,63457.599044799805,2200,2,1.4625000000000001,48768.65026855469,2200,2,1.4625000000000001,16722.403701782227,2200,2,1.4625000000000001,53719.33979797363,2128,3192,2102,2126,2194,2121,2195,2195,2124,2129,2193,2167,2183,2191,2127,3197,0,100,1.0101009607315063,0,4.95049524307251,1.0101009607315063,2,0,2.0202019214630127,3,1.0101009607315063,2,2,1.9801980257034302,2,1,16665841664,4294963200,1777659904,288096256
999,1744972592055,17580.26300048828,2112.5,2,1.4375,60826.16310119629,4225,0,1.4375,32675.234481811523,2112.5,2,1.4375,59995.47360229492,2112.5,2,1.4375,5591.617156982422,2200,2,1.4375,63457.726135253906,2200,2,1.4375,48768.82850646973,2200,2,1.4375,16722.521713256836,2200,2,1.4375,53747.54472351074,2128,3192,2102,2126,2194,2121,2195,2195,2124,2129,2193,2167,2183,2191,2127,3197,0,100,1,0,1,1,1,0,1,4,1.9801980257034302,1,1,1.0101009607315063,1,1,16665841664,4294963200,1777917952,288096256
999,1744972593055,17580.436782836914,2112.5,2,1.4312500000000001,60838.27670288086,4225,0,1.4312500000000001,32675.436141967773,2112.5,2,1.4312500000000001,59995.764419555664,2112.5,2,1.4312500000000001,5591.776641845703,2200,2,1.4312500000000001,63457.88456726074,2200,2,1.4312500000000001,48769.12919616699,2200,2,1.4312500000000001,16722.652221679688,2200,2,1.4375,53775.71809387207,2128,3192,2102,2126,2194,2121,2195,2195,2124,2129,2193,2167,2183,2191,2127,3197,0,100,2,0,1.0101009607315063,2,2.97029709815979,0,2,2.0202019214630127,1,1,3,1,2,2,16665841664,4294963200,1777917952,288096256
999,1744972594055,17580.608657836914,2112.5,2,1.44375,60850.637756347656,4225,0,1.44375,32675.790618896484,2112.5,2,1.44375,59995.971267700195,2112.5,2,1.44375,5591.94108581543,2200,2,1.44375,63458.058822631836,2200,2,1.4312500000000001,48769.30863952637,2200,2,1.4312500000000001,16722.789306640625,2200,2,1.4312500000000001,53804.19548034668,2128,3192,2102,2126,2194,2121,2195,2195,2124,2129,2193,2167,2183,2191,2127,3197,0,100,1,0,1.9801980257034302,1,1,0,3,2,1.0101009607315063,2,1.0101009607315063,1.9801980257034302,1,2,16665841664,4294963200,1777917952,288096256
999,1744972595056,17580.742706298828,2100,2,1.4375,60862.71435546875,4200,0,1.4375,32675.93881225586,2100,2,1.4375,59996.134826660156,2100,2,1.4375,5592.069122314453,2200,2,1.4375,63458.18183898926,2200,2,1.45625,48769.44639587402,2200,2,1.45625,16722.90020751953,2200,2,1.45625,53831.837493896484,2128,3192,2102,2126,2194,2121,2195,2195,2124,2129,2193,2167,2183,2191,2127,3197,1.0101009607315063,100,1,0.9900990128517151,1,1.9801980257034302,1.0101009607315063,0,1,2,1.9801980257034302,1,1,1.0101009607315063,0,1,16665841664,4294963200,1777917952,288096256
999,1744972596056,17580.936950683594,2100,2,1.4375,60874.73731994629,4200,0,1.4375,32676.174530029297,2100,2,1.4375,59996.50466918945,2100,2,1.4375,5592.316589355469,2200,2,1.4375,63458.39938354492,2200,2,1.4375,48769.64859008789,2200,2,1.4375,16723.10321044922,2200,2,1.4375,53860.32977294922,2128,3192,2102,2126,2194,2121,2195,2195,2124,2129,2193,2167,2183,2191,2127,3197,0,99.00990295410156,2,0,2.0202019214630127,2,2,0,2.0202019214630127,3,2,2,2,2.97029709815979,2,2,16665841664,4294963200,1777917952,288096256
999,1744972597056,17581.10464477539,2100,2,1.4125,60886.92185974121,4200,0,1.4125,32676.333694458008,2100,2,1.4125,59996.836334228516,2100,2,1.4125,5592.480285644531,2200,2,1.4125,63458.70475769043,2200,2,1.4125,48769.8125,2200,2,1.4125,16723.29946899414,2200,2,1.41875,53888.75131225586,2128,3192,2102,2126,2194,2121,2195,2195,2124,2129,2193,2167,2183,2191,2127,3197,0,100,2,0,1.9801980257034302,1.0101009607315063,2,0,1.9801980257034302,3,1,2,1.9801980257034302,1.0101009607315063,2,1,16665841664,4294963200,1777917952,288096256
999,1744972598056,17581.271697998047,2112.5,2,1.475,60898.82342529297,4225,0,1.475,32676.52603149414,2112.5,2,1.475,59997.221099853516,2112.5,2,1.475,5592.654220581055,2200,2,1.475,63458.91719055176,2200,2,1.475,48769.96501159668,2200,2,1.475,16723.441513061523,2200,2,1.475,53916.47987365723,2128,3192,2102,2126,2194,2121,2195,2195,2124,2129,2193,2167,2183,2191,2127,3197,0,100,1,0,1.0101009607315063,1.9801980257034302,2,0,2,3,2,2.0202019214630127,1.0101009607315063,1.9801980257034302,1,2,16665841664,4294963200,1777864704,288096256
999,1744972599056,17581.4031829834,2100,2,1.4375,60910.97964477539,4200,0,1.4375,32676.654739379883,2100,2,1.4375,59997.40905761719,2100,2,1.4375,5592.783981323242,2200,2,1.4375,63459.04325866699,2200,2,1.4375,48770.11363220215,2200,2,1.4375,16723.55191040039,2200,2,1.4375,53944.306076049805,2128,3192,2102,2126,2194,2121,2195,2195,2124,2129,2193,2167,2183,2191,2127,3197,0,100,1.9801980257034302,0,1.9801980257034302,1,1.9801980257034302,0,1.0101009607315063,2,1,1.9801980257034302,1.9801980257034302,1,1.9801980257034302,1,16665841664,4294963200,1777864704,288096256
999,1744972600056,17581.59130859375,2112.5,2,1.41875,60923.05799865723,4225,0,1.41875,32676.846725463867,2112.5,2,1.41875,59998.18978881836,2112.5,2,1.41875,5592.941024780273,2200,2,1.41875,63459.19532775879,2200,2,1.41875,48770.27618408203,2200,2,1.41875,16723.681427001953,2200,2,1.4375,53972.777908325195,2128,3192,2102,2126,2194,2121,2195,2195,2124,2129,2193,2167,2183,2191,2127,3197,0,100,2,0,1.0101009607315063,1.0101009607315063,1.0101009607315063,0,2.97029709815979,8.91089153289795,2,1,1,1.0101009607315063,1.0101009607315063,2,16665841664,4294963200,1777864704,288096256
999,1744972601056,17581.75146484375,2200,2,1.44375,60923.58706665039,2200,2,1.44375,32677.031204223633,2200,2,1.44375,59998.99166870117,2200,2,1.44375,5604.884994506836,4150,0,1.44375,63459.341873168945,2075,2,1.48125,48770.44520568848,2075,2,1.48125,16723.806915283203,2075,2,1.48125,54001.84255981445,2128,3192,2102,2126,2194,2121,2195,2195,2124,2129,2193,2167,2183,2191,2127,3197,0,2,1.9801980257034302,0,1.9801980257034302,1.9801980257034302,1.9801980257034302,0,1,5,99,2,2,1.9801980257034302,1.9801980257034302,1,16665841664,4294963200,1777864704,288096256
990,1744972602066,17581.92610168457,2200,2,1.425,60923.72050476074,2200,2,1.425,32677.191986083984,2200,2,1.425,59999.24737548828,2200,2,1.425,5616.91796875,4125,0,1.41875,63459.46548461914,2062.5,2,1.41875,48770.6043548584,2062.5,2,1.41875,16723.92903137207,2062.5,2,1.41875,54029.92823791504,2128,3192,2102,2126,2194,2121,2195,2195,2124,2129,2193,2167,2183,2191,2127,3197,0,0.9900990128517151,1,0.9900990128517151,1,0.9900990128517151,1,0,1.9801980257034302,1.9801980257034302,99.00990295410156,0.9900990128517151,0.9900990128517151,1,0.9900990128517151,1,16665841664,4294963200,1773219840,288096256
999,1744972603057,17582.215896606445,2200,2,1.40625,60923.98956298828,2200,2,1.40625,32677.468704223633,2200,2,1.40625,59999.482009887695,2200,2,1.40625,5628.638275146484,4100,0,1.40625,63459.607177734375,2050,2,1.40625,48770.76695251465,2050,2,1.40625,16724.276290893555,2062.5,2,1.40625,54057.84362792969,2128,3192,2102,2126,2194,2121,2195,2195,2124,2129,2193,2167,2183,2191,2127,3197,2,2.0202019214630127,1.0101009607315063,0,1.0101009607315063,1.0204081535339355,1.0101009607315063,0,3.0303030014038086,2.0202019214630127,100,1.0101009607315063,1.0101009607315063,1.0101009607315063,1.0204081535339355,2.0202019214630127,16665841664,4294963200,1777348608,288096256
999,1744972604057,17582.38932800293,2200,2,1.4312500000000001,60924.13558959961,2200,2,1.4312500000000001,32677.622024536133,2200,2,1.4312500000000001,59999.687088012695,2200,2,1.4312500000000001,5640.543640136719,4150,0,1.4312500000000001,63459.74743652344,2075,2,1.4312500000000001,48770.937728881836,2075,2,1.4312500000000001,16724.406799316406,2075,2,1.4312500000000001,54085.146911621094,2128,3192,2102,2126,2194,2121,2195,2195,2124,2129,2193,2167,2183,2191,2127,3197,0,1,2,0,1.9801980257034302,1.9801980257034302,2,0,1.9801980257034302,2,100,2,2,1.9801980257034302,1.9801980257034302,1,16665841664,4294963200,1777348608,288096256
999,1744972605057,17582.52734375,2200,2,1.4312500000000001,60924.265625,2200,2,1.4312500000000001,32677.79360961914,2200,2,1.4312500000000001,60000.09524536133,2200,2,1.4312500000000001,5652.491668701172,4150,0,1.4312500000000001,63459.86785888672,2075,2,1.4312500000000001,48771.08190917969,2075,2,1.46875,16725.077880859375,2075,2,1.46875,54113.062255859375,2128,3192,2102,2126,2194,2121,2195,2195,2124,2129,2193,2167,2183,2191,2127,3197,0,1,1,0,1,1,1.0101009607315063,0,1.0101009607315063,3.9603960514068604,100,1,1,3.0303030014038086,1.0101009607315063,1.9801980257034302,16665841664,4294963200,1777348608,288096256
999,1744972606057,17582.753662109375,2200,2,1.41875,60924.43478393555,2200,2,1.41875,32678.004852294922,2200,2,1.425,60000.67088317871,2200,2,1.425,5664.24333190918,4125,0,1.425,63460.02363586426,2062.5,2,1.425,48771.30503845215,2062.5,2,1.425,16725.96858215332,2750,2,1.425,54141.72299194336,2128,3192,2102,2126,2194,2121,2195,2195,2124,2129,2193,2167,2183,2191,2127,3197,1.9801980257034302,2,1,1,2,1.0101009607315063,1.9801980257034302,0,2,5.0505051612854,100,1.0101009607315063,2,5,1,1.0101009607315063,16665841664,4294963200,1779154944,288096256
1000,1744972607057,17582.98028564453,2200,2,1.4375,60924.6569519043,2200,2,1.4375,32678.24838256836,2200,2,1.4375,60001.143005371094,2200,2,1.4375,5676.241302490234,4125,0,1.4375,63460.23861694336,2062.5,2,1.4375,48771.53533935547,2062.5,2,1.4375,16726.006057739258,2750,2,1.4375,54169.80360412598,2128,3192,2102,2126,2194,2121,2195,2195,2124,2129,2193,2167,2183,2191,2127,3197,0,2,3,1.0101009607315063,2,3.9215688705444336,3,0,3,3.0303030014038086,100,2.97029709815979,2,0,2,2,16665841664,4294963200,1779154944,288096256
999,1744972608058,17583.17741394043,2200,2,1.425,60924.81851196289,2200,2,1.425,32678.407302856445,2200,2,1.425,60001.99980163574,2200,2,1.425,5687.928009033203,4125,0,1.425,63460.38136291504,2062.5,2,1.425,48771.71073913574,2062.5,2,1.425,16726.1014251709,2062.5,2,1.425,54197.5372467041,2128,3192,2102,2126,2194,2121,2195,2195,2124,2129,2193,2167,2183,2191,2127,3197,1,1.0101009607315063,0,1.9801980257034302,1.0101009607315063,1.0101009607315063,1,1,1,7.920792102813721,99,1,1.0101009607315063,0,1.9801980257034302,2,16665841664,4294963200,1779138560,288096256
999,1744972609058,17583.39910888672,2200,2,1.4312500000000001,60924.94790649414,2200,2,1.4312500000000001,32678.55387878418,2200,2,1.4312500000000001,60002.220275878906,2200,2,1.4312500000000001,5699.896636962891,4125,0,1.4312500000000001,63460.50045776367,2062.5,2,1.4312500000000001,48771.85820007324,2062.5,2,1.4312500000000001,16726.211868286133,2062.5,2,1.4312500000000001,54224.89668273926,2128,3192,2102,2126,2194,2121,2195,2195,2124,2129,2193,2167,2183,2191,2127,3197,1,1.9801980257034302,1.9801980257034302,1,2,1,2,1,1,0,100,1,1.9801980257034302,0,1.0101009607315063,1,16665841664,4294963200,1778933760,288096256
999,1744972610058,17583.56999206543,2200,2,1.4312500000000001,60925.1028137207,2200,2,1.4312500000000001,32678.72235107422,2200,2,1.4312500000000001,60002.500091552734,2200,2,1.4312500000000001,5711.9195556640625,4125,0,1.4312500000000001,63460.64051818848,2062.5,2,1.4312500000000001,48772.02183532715,2062.5,2,1.4312500000000001,16726.346466064453,2062.5,2,1.4312500000000001,54252.64353942871,2128,3192,2102,2126,2194,2121,2195,2195,2124,2129,2193,2167,2183,2191,2127,3197,0,1,1,2,1,1.9801980257034302,1,2,2,1,100,2,1,0,1.9801980257034302,1.9801980257034302,16665841664,4294963200,1778921472,288096256
999,1744972611058,17583.722229003906,2200,2,1.4312500000000001,60925.25016784668,2200,2,1.4312500000000001,32678.890197753906,2200,2,1.4312500000000001,60003.44689941406,2200,2,1.4312500000000001,5723.823348999023,4125,0,1.4312500000000001,63460.7917175293,2062.5,2,1.4312500000000001,48772.203536987305,2062.5,2,1.4312500000000001,16726.47738647461,2062.5,2,1.4312500000000001,54280.888580322266,2128,3192,2102,2126,2194,2121,2195,2195,2124,2129,2193,2167,2183,2191,2127,3197,0,1.0101009607315063,1.0101009607315063,0,2,1.0101009607315063,1.0101009607315063,1,1.0101009607315063,8,100,1,1.0101009607315063,0,1.0101009607315063,1.0101009607315063,16665841664,4294963200,1778921472,288096256
999,1744972612058,17583.90431213379,2200,2,1.4312500000000001,60925.392837524414,2200,2,1.4312500000000001,32679.07292175293,2200,2,1.4312500000000001,60003.624588012695,2200,2,1.4312500000000001,5735.668304443359,4125,0,1.4312500000000001,63460.91622924805,2062.5,2,1.425,48772.35450744629,2062.5,2,1.425,16726.625244140625,2062.5,2,1.425,54307.929611206055,2128,3192,2102,2126,2194,2121,2195,2195,2124,2129,2193,2167,2183,2191,2127,3197,0,1.9801980257034302,1.9801980257034302,0,1,1,2,1.0101009607315063,1.9801980257034302,1.0101009607315063,100,1.0101009607315063,1.9801980257034302,0,1,1,16665841664,4294963200,1778921472,288096256
999,1744972613058,17584.09977722168,2200,2,1.4375,60925.712326049805,2200,2,1.4312500000000001,32679.243286132813,2200,2,1.4312500000000001,60003.77423095703,2200,2,1.4312500000000001,5747.488571166992,4125,0,1.4312500000000001,63461.05668640137,2062.5,2,1.4312500000000001,48772.53855895996,2062.5,2,1.4312500000000001,16726.76983642578,2062.5,2,1.4312500000000001,54335.33039855957,2128,3192,2102,2126,2194,2121,2195,2195,2124,2129,2193,2167,2183,2191,2127,3197,0,2.0202019214630127,1.0101009607315063,0,1,1,1.9801980257034302,1.9801980257034302,1.0101009607315063,2,99,1.9801980257034302,1,0,1.9801980257034302,2,16665841664,4294963200,1778921472,288096256
999,1744972614058,17584.2833404541,2000,2,1.4312500000000001,60926.15231323242,3000,2,1.4312500000000001,32679.392486572266,2000,2,1.4312500000000001,60003.92265319824,2000,2,1.4312500000000001,5759.288162231445,4125,0,1.4312500000000001,63461.19177246094,2062.5,2,1.4312500000000001,48772.718002319336,2062.5,2,1.4312500000000001,16726.916046142578,2062.5,2,1.4312500000000001,54362.764739990234,2128,3192,2102,2126,2194,2121,2195,2195,2124,2129,2193,2167,2183,2191,2127,3197,0,3.9603960514068604,1,0,2,2,1,1.0101009607315063,1.9801980257034302,1,99.00990295410156,1,1.0101009607315063,0,1.0101009607315063,1,16665841664,4294963200,1778921472,288096256
999,1744972615058,17584.44317626953,2200,2,1.4312500000000001,60926.29130554199,2200,2,1.4312500000000001,32679.526397705078,2200,2,1.4312500000000001,60004.04522705078,2200,2,1.4312500000000001,5771.215179443359,4125,0,1.4312500000000001,63461.31645202637,2062.5,2,1.4312500000000001,48772.870681762695,2062.5,2,1.4312500000000001,16727.026885986328,2062.5,2,1.4312500000000001,54390.05073547363,2128,3192,2102,2126,2194,2121,2195,2195,2124,2129,2193,2167,2183,2191,2127,3197,0,1.0101009607315063,1,0,1,1,1.0101009607315063,1,1,1.9801980257034302,100,1,1,0,1,1,16665841664,4294963200,1778921472,288096256
999,1744972616058,17584.65510559082,2200,2,1.4312500000000001,60927.27919006348,2200,2,1.4312500000000001,32679.71600341797,2200,2,1.4312500000000001,60004.18566894531,2200,2,1.4312500000000001,5783.06608581543,4125,0,1.4312500000000001,63461.459243774414,2062.5,2,1.4312500000000001,48773.0213470459,2062.5,2,1.4375,16727.165817260742,2062.5,2,1.4375,54418.33337402344,2128,3192,2102,2126,2194,2121,2195,2195,2124,2129,2193,2167,2183,2191,2127,3197,1.9801980257034302,8.91089153289795,2,0,2,1,1.9801980257034302,0,1.0101009607315063,1.0101009607315063,100,1.0101009607315063,1.9801980257034302,1,1,2,16665841664,4294963200,1778921472,288096256
1000,1744972617058,17584.8565826416,2200,2,1.4312500000000001,60927.61909484863,2200,2,1.4312500000000001,32679.88215637207,2200,2,1.4312500000000001,60004.32827758789,2200,2,1.4312500000000001,5795.019149780273,4150,0,1.4312500000000001,63461.60110473633,2075,2,1.4312500000000001,48773.17616271973,2062.5,2,1.48125,16727.294815063477,2062.5,2,1.48125,54445.88522338867,2128,3192,2102,2126,2194,2121,2195,2195,2124,2129,2193,2167,2183,2191,2127,3197,1.0101009607315063,1,1,1.0101009607315063,1,2,1.0101009607315063,0,2,0,100,1.9801980257034302,1.0101009607315063,1.9801980257034302,2,1,16665841664,4294963200,1778921472,288096256
1,1744972618059,17584.99769592285,2200,2,1.4625000000000001,60927.73092651367,2200,2,1.4625000000000001,32680.00845336914,2200,2,1.4625000000000001,60004.419677734375,2200,2,1.4625000000000001,5799.062561035156,2000,2,1.4625000000000001,63461.70135498047,2000,2,1.0625,48773.28860473633,2000,2,1.0625,16728.682723999023,3000,2,1.0625,54463.26856994629,2128,3192,2102,2126,2194,2121,2195,2195,2124,2129,2193,2167,2183,2191,2127,3197,1.9801980257034302,0,1,1,1,0,1,2,1,0,30.000001907348633,0,1,9.090909004211426,0,1,16665841664,4294963200,868249600,288096256
